2024001 23.1 2.2 28.6 1.2
2024002 18.4 0.6 27.8 0.1
2024003 10.3 11.8 8.9 10.0
2024004 29.0 7.0 14.5 0.2
2024005 24.9 0.5 3.4 15.6
2024006 25.1 4.6 28.1 11.5
2024007 12.9 13.8 23.2 15.3
2024008 24.3 2.9 14.5 14.0
2024009 11.2 9.0 8.2 0.1
2024010 19.2 8.4 14.2 13.8
2024011 3.9 12.9 23.8 3.0
2024012 19.0 6.1 21.8 5.0
2024013 29.2 2.9 17.3 24.9
2024014 7.1 12.1 4.6 20.9
2024015 6.0 14.9 28.1 1.9
2024016 21.8 4.7 20.8 18.9
2024017 5.2 10.7 1.6 17.6
2024018 28.2 5.1 15.7 9.0
2024019 3.3 10.9 24.3 14.3
2024020 5.5 3.5 12.1 15.2
2024021 23.6 6.7 10.8 21.3
2024022 28.2 7.3 10.1 23.1
2024023 2.2 2.2 20.1 10.6
2024024 27.5 10.4 9.6 20.5
2024025 26.6 6.7 20.9 18.3
2024026 5.7 8.6 18.2 21.1
2024027 23.9 8.6 10.7 4.7
2024028 16.6 13.0 9.3 15.6
2024029 8.8 10.4 12.5 21.6
2024030 2.7 1.6 10.4 19.8
2024031 14.9 6.2 12.1 12.8
2024032 24.1 1.2 1.7 14.7
2024033 28.7 6.6 20.7 24.2
2024034 16.0 3.5 9.2 17.8
2024035 20.3 9.2 13.3 13.3
2024036 28.5 6.6 27.9 14.1
2024037 6.3 9.4 24.6 17.4
2024038 11.1 12.5 23.4 15.7
2024039 23.5 2.5 3.8 17.4
2024040 8.1 1.2 8.4 18.4
2024041 0.5 6.8 15.4 16.9
2024042 1.1 10.1 11.9 23.7
2024043 7.6 4.2 18.2 11.5
2024044 24.9 12.1 1.3 0.4
2024045 21.8 11.2 9.9 9.8
2024046 10.3 7.8 24.6 1.7
2024047 10.2 1.1 26.8 21.4
2024048 22.4 0.1 9.0 2.0
2024049 1.3 0.0 22.2 24.4
2024050 3.8 11.6 15.7 7.8
2024051 18.6 0.8 18.6 15.2
2024052 3.0 9.9 25.7 15.3
2024053 9.6 9.8 25.7 11.5
2024054 27.8 2.3 6.5 16.8
2024055 11.0 6.5 2.9 13.4
2024056 6.0 6.4 27.8 0.0
2024057 22.9 9.3 4.8 22.2
2024058 2.2 13.1 5.8 3.2
2024059 14.1 6.3 9.8 10.0
2024060 16.6 4.4 18.9 23.3
2024061 14.7 7.2 13.0 24.0
2024062 15.8 0.3 18.1 15.7
2024063 11.7 5.3 29.5 20.5
2024064 21.9 9.7 0.0 9.1
2024065 10.3 10.5 22.1 24.0
2024066 29.0 10.0 18.5 10.7
2024067 17.7 5.8 1.4 14.6
2024068 2.4 9.5 7.3 11.5
2024069 30.0 8.3 3.7 21.5
2024070 13.0 14.4 19.9 12.0
2024071 6.1 10.2 19.1 9.7
2024072 16.6 2.1 4.2 10.0
2024073 20.6 14.7 26.9 1.7
2024074 12.4 11.9 24.5 22.2
2024075 24.7 4.6 9.6 12.8
2024076 25.7 12.7 25.7 8.6
2024077 23.6 5.6 10.5 1.2
2024078 26.0 6.8 7.7 9.4
2024079 24.4 2.4 9.9 18.9
2024080 16.8 3.9 11.8 6.3
2024081 22.3 12.5 5.9 3.1
2024082 1.1 5.2 0.6 7.6
2024083 3.1 0.4 11.6 3.4
2024084 24.2 8.2 0.8 11.9
2024085 8.7 4.8 19.8 23.8
2024086 26.6 11.8 18.1 20.5
2024087 15.0 5.6 9.8 2.0
2024088 6.3 11.8 22.1 2.2
2024089 3.5 10.0 8.8 3.0
2024090 17.0 1.2 0.1 10.8
2024091 8.0 5.0 19.3 9.0
2024092 4.4 6.1 28.8 15.8
2024093 13.4 12.9 13.5 12.8
2024094 13.0 10.6 4.2 16.0
2024095 25.1 6.6 2.4 6.5
2024096 1.0 14.4 24.7 18.0
2024097 27.4 3.8 25.2 19.6
2024098 24.8 4.2 13.4 8.2
2024099 21.1 12.0 8.5 24.5
2024100 9.5 2.6 14.8 18.8
2024101 28.8 4.1 29.9 24.7
2024102 7.3 1.5 20.7 24.8
2024103 21.9 13.1 12.5 5.3
2024104 15.7 2.8 18.2 3.9
2024105 18.2 8.4 7.8 14.0
2024106 20.1 0.3 17.6 0.8
2024107 25.7 12.8 1.4 12.3
2024108 5.7 7.8 14.1 2.7
2024109 16.0 6.2 28.8 15.6
2024110 1.7 11.9 4.9 10.8
2024111 10.5 5.3 13.8 3.0
2024112 9.4 3.9 28.0 10.3
2024113 5.3 8.1 22.0 5.7
2024114 23.5 9.0 21.5 11.4
2024115 26.3 3.2 29.9 18.3
2024116 12.6 9.4 8.1 19.4
2024117 15.8 8.6 4.5 2.2
2024118 13.7 11.1 19.8 9.9
2024119 0.1 12.9 0.1 1.1
2024120 29.3 10.6 25.0 0.3
2024121 25.0 9.2 21.5 15.8
2024122 9.6 12.5 14.3 21.2
2024123 7.4 8.4 17.5 9.7
2024124 5.9 7.9 20.3 2.3
2024125 26.0 4.9 13.6 17.6
2024126 18.4 10.3 11.4 4.6
2024127 15.6 4.7 1.8 5.1
2024128 26.8 2.4 16.5 17.5
2024129 18.1 11.4 6.4 0.6
2024130 16.4 1.7 24.0 3.5
2024131 3.0 4.7 21.3 7.7
2024132 10.7 3.7 21.0 8.7
2024133 19.1 9.9 28.4 3.8
2024134 9.9 14.7 20.1 16.4
2024135 15.1 2.3 6.5 24.0
2024136 0.0 6.1 16.1 13.4
2024137 12.3 7.0 4.6 0.2
2024138 17.8 6.6 23.8 5.5
2024139 6.7 0.1 17.6 0.0
2024140 3.6 8.5 17.2 1.1
2024141 3.4 7.1 18.2 24.1
2024142 22.0 11.7 24.2 21.3
2024143 29.6 12.8 2.9 23.6
2024144 23.2 4.8 19.1 9.1
2024145 3.5 11.1 20.8 13.3
2024146 3.4 4.7 13.6 7.9
2024147 17.6 6.9 26.9 0.4
2024148 29.2 11.1 17.5 24.6
2024149 5.0 3.7 24.7 5.2
2024150 6.5 14.6 5.9 21.6
2024151 25.3 6.3 1.5 20.5
2024152 8.0 14.7 10.5 21.5
2024153 1.2 7.0 8.2 1.2
2024154 2.8 10.4 5.7 9.9
2024155 12.9 14.9 7.1 23.8
2024156 9.1 4.6 19.9 9.1
2024157 26.4 3.8 26.2 9.7
2024158 22.1 6.2 3.4 7.8
2024159 6.0 4.9 18.0 6.7
2024160 7.3 6.7 3.0 18.3
2024161 25.4 9.6 6.7 13.7
2024162 29.6 3.1 30.0 5.6
2024163 0.1 7.9 9.6 13.6
2024164 19.7 7.2 12.4 16.8
2024165 24.3 2.8 17.4 21.8
2024166 0.1 4.4 10.4 19.4
2024167 24.2 6.3 11.2 14.4
2024168 9.7 7.6 26.0 5.3
2024169 6.6 6.8 18.1 5.0
2024170 16.7 6.4 1.6 22.7
2024171 3.1 7.6 29.2 5.5
2024172 27.8 9.7 9.9 16.8
2024173 9.0 14.9 22.2 14.2
2024174 28.3 14.3 12.0 0.5
2024175 26.0 7.9 14.4 5.5
2024176 26.0 14.2 20.2 14.2
2024177 20.8 13.4 19.0 20.9
2024178 21.6 4.5 7.4 18.2
2024179 5.1 8.3 19.7 23.7
2024180 14.1 11.0 9.5 24.9
2024181 8.8 8.1 14.6 24.2
2024182 8.3 0.7 10.2 12.9
2024183 25.7 7.9 3.4 22.3
2024184 22.9 14.3 27.9 6.8
2024185 19.7 1.3 4.5 12.4
2024186 24.3 5.4 6.2 11.4
2024187 19.8 8.5 28.5 23.8
2024188 26.4 6.4 19.0 12.6
2024189 17.6 3.8 2.8 4.8
2024190 17.9 12.1 20.7 1.1
2024191 29.3 9.3 18.8 8.3
2024192 22.5 4.7 28.1 7.3
2024193 19.2 5.1 2.7 12.6
2024194 0.7 14.4 4.1 7.5
2024195 19.3 2.3 9.7 5.0
2024196 6.3 9.0 9.9 2.2
2024197 10.8 8.8 1.1 20.3
2024198 16.2 11.0 14.9 24.9
2024199 8.1 12.2 8.7 13.3
2024200 26.3 8.6 12.8 13.7
2024201 2.9 14.9 20.5 21.1
2024202 27.5 3.8 13.3 9.6
2024203 4.9 3.4 28.1 22.7
2024204 28.3 7.8 17.1 11.6
2024205 10.6 4.4 7.3 2.6
2024206 25.9 7.2 19.6 21.6
2024207 1.2 4.6 5.0 15.4
2024208 17.5 7.9 22.1 12.5
2024209 5.6 5.0 16.2 18.5
2024210 28.4 12.3 29.6 21.9
2024211 27.3 5.7 28.1 18.5
2024212 12.9 13.9 11.6 13.5
2024213 3.8 1.8 3.2 24.8
2024214 23.9 3.0 0.7 18.5
2024215 26.0 14.6 0.5 17.1
2024216 27.3 1.4 20.9 19.0
2024217 20.8 6.9 13.8 23.8
2024218 11.0 10.9 28.9 6.2
2024219 18.8 8.4 20.8 2.3
2024220 19.2 0.4 27.5 21.2
2024221 2.3 5.1 9.0 9.2
2024222 28.1 6.0 25.5 6.6
2024223 14.2 4.3 12.4 7.2
2024224 12.1 10.5 8.8 18.3
2024225 9.0 4.4 8.8 15.3
2024226 27.3 0.0 9.8 11.0
2024227 24.8 7.5 27.0 15.3
2024228 6.6 14.7 20.7 8.7
2024229 24.7 3.4 19.7 18.6
2024230 14.5 5.1 5.2 18.9
2024231 23.8 4.5 15.2 13.5
2024232 12.6 2.4 26.2 21.1
2024233 16.1 12.8 7.9 11.7
2024234 14.3 13.2 12.0 24.6
2024235 12.4 9.4 3.2 13.0
2024236 9.5 7.3 20.3 7.7
2024237 5.6 8.4 24.3 5.4
2024238 12.8 0.7 20.3 7.5
2024239 28.2 0.9 11.1 4.5
2024240 4.5 7.6 22.9 2.2
2024241 3.7 5.3 29.2 8.5
2024242 29.9 11.4 4.3 21.9
2024243 20.4 13.3 9.3 5.5
2024244 11.5 10.1 4.4 12.3
2024245 10.1 4.6 6.2 6.3
2024246 12.7 12.6 21.9 0.4
2024247 1.1 1.2 20.4 8.5
2024248 19.5 7.4 24.7 5.3
2024249 0.5 11.3 29.3 1.3
2024250 15.7 8.2 5.8 10.3
2024251 2.2 7.7 24.6 11.8
2024252 24.2 5.8 14.6 24.8
2024253 29.0 0.0 5.0 12.3
2024254 8.6 13.2 6.4 0.2
2024255 10.1 2.2 29.0 21.3
2024256 3.0 0.5 25.0 19.0
2024257 17.5 2.1 13.4 23.7
2024258 23.7 7.0 23.0 10.5
2024259 23.8 6.0 8.6 7.2
2024260 14.8 1.7 26.4 24.0
2024261 25.5 6.1 11.9 13.1
2024262 4.1 12.2 19.9 8.4
2024263 6.0 12.8 17.2 11.4
2024264 10.5 10.5 19.8 11.6
2024265 21.6 8.5 22.8 16.6
2024266 9.2 0.8 9.2 2.6
2024267 1.4 12.9 10.7 13.3
2024268 6.7 15.0 16.3 5.6
2024269 19.0 6.9 10.3 2.6
2024270 18.6 5.3 15.0 5.6
2024271 25.3 7.9 26.6 3.2
2024272 11.2 10.3 2.9 17.2
2024273 1.6 8.1 5.8 4.8
2024274 13.3 8.9 5.1 14.5
2024275 20.1 0.6 13.8 22.5
2024276 24.4 10.4 24.8 24.0
2024277 16.6 8.1 14.1 14.3
2024278 15.4 6.0 22.6 13.9
2024279 5.6 0.5 14.3 20.4
2024280 28.0 8.5 2.6 22.8
2024281 27.2 2.9 0.7 21.3
2024282 20.8 14.2 27.1 6.0
2024283 27.4 3.0 25.6 24.4
2024284 14.1 5.0 23.5 5.5
2024285 21.0 11.1 15.9 3.6
2024286 26.4 10.3 25.7 19.2
2024287 19.3 10.7 2.2 24.7
2024288 28.9 11.3 13.4 1.6
2024289 26.4 12.0 18.7 9.6
2024290 23.9 4.3 20.0 15.7
2024291 8.9 14.3 25.3 1.1
2024292 14.6 2.8 9.3 12.7
2024293 8.6 11.3 10.1 19.0
2024294 15.3 12.3 8.8 7.1
2024295 25.4 0.4 27.1 3.9
2024296 21.0 13.2 25.6 8.4
2024297 3.4 10.1 7.2 11.4
2024298 8.2 5.5 7.1 16.5
2024299 9.3 1.6 16.3 8.7
2024300 25.8 1.5 20.0 5.8
2024301 24.4 11.9 15.1 2.3
2024302 11.5 14.1 25.5 23.4
2024303 21.0 10.5 9.7 0.1
2024304 14.9 7.4 3.7 18.6
2024305 11.1 0.8 3.3 9.0
2024306 9.4 12.7 5.3 15.5
2024307 19.3 10.3 0.9 12.4
2024308 7.4 2.2 28.4 6.7
2024309 28.5 8.7 17.6 1.3
2024310 27.2 8.9 25.8 9.4
2024311 23.2 0.5 1.1 15.8
2024312 29.3 10.1 14.3 19.2
2024313 16.0 5.5 6.6 3.1
2024314 5.9 14.9 6.8 19.0
2024315 2.7 9.0 26.0 1.0
2024316 11.2 8.0 28.6 16.8
2024317 19.2 13.9 2.0 8.3
2024318 3.5 10.7 25.2 11.7
2024319 19.8 1.6 25.5 14.1
2024320 6.6 5.8 19.5 12.5
2024321 4.2 6.3 26.2 5.4
2024322 12.0 7.4 7.0 11.8
2024323 3.4 2.2 12.4 19.7
2024324 15.2 3.3 9.6 6.8
2024325 18.4 6.3 19.1 9.0
2024326 8.4 12.7 3.9 5.5
2024327 10.9 14.7 0.4 6.4
2024328 24.8 7.1 12.1 3.7
2024329 19.8 8.8 24.6 4.5
2024330 22.1 0.1 21.5 24.1
2024331 9.7 6.7 3.0 10.3
2024332 5.7 6.4 6.0 10.0
2024333 22.7 9.3 10.6 25.0
2024334 8.7 1.3 0.9 3.1
2024335 26.5 7.3 27.2 2.7
2024336 3.3 3.0 20.6 22.9
2024337 6.1 0.7 11.7 12.8
2024338 6.1 9.4 13.9 4.0
2024339 5.4 8.8 4.8 24.7
2024340 26.2 2.2 13.7 0.0
2024341 20.0 1.0 4.4 0.3
2024342 29.3 7.2 25.8 4.2
2024343 6.1 7.5 23.1 18.3
2024344 23.8 0.7 24.9 23.5
2024345 6.3 8.6 28.6 10.6
2024346 25.9 6.9 16.8 10.3
2024347 25.4 13.2 16.2 9.8
2024348 8.9 2.9 9.1 14.2
2024349 29.1 9.5 26.1 19.5
2024350 27.5 8.8 1.5 11.6
2024351 6.4 11.3 8.4 23.7
2024352 10.6 11.5 14.5 24.8
2024353 4.3 11.5 5.9 17.9
2024354 16.5 1.2 3.8 2.0
2024355 14.7 14.3 4.7 10.2
2024356 29.1 12.6 26.6 21.7
2024357 25.6 13.9 12.6 23.8
2024358 19.6 1.8 28.9 17.6
2024359 17.7 8.5 22.4 8.8
2024360 27.1 11.4 23.5 16.3
2024361 11.9 14.7 22.1 7.3
2024362 1.2 13.0 0.8 23.7
2024363 22.0 0.0 5.3 3.7
2024364 18.4 14.7 22.1 7.6
2024365 5.5 6.1 13.4 11.7
2024366 14.6 10.3 15.1 10.0
2024367 7.4 11.3 0.5 13.0
2024368 10.9 9.0 3.9 15.0
2024369 2.7 6.1 1.2 12.9
2024370 27.5 1.6 4.0 16.5
2024371 14.9 14.5 0.8 7.0
2024372 7.0 3.4 14.5 10.5
2024373 26.5 2.8 20.7 20.8
2024374 5.6 7.2 27.1 17.4
2024375 19.8 0.9 22.8 12.8
2024376 6.5 5.1 18.8 15.8
2024377 17.0 13.4 29.3 2.7
2024378 7.7 4.2 16.8 17.0
2024379 3.2 7.4 24.6 6.6
2024380 29.4 4.9 2.3 12.1
2024381 6.6 0.3 20.2 1.8
2024382 6.2 2.3 0.1 14.7
2024383 21.2 5.3 11.8 7.6
2024384 25.3 4.7 29.0 1.6
2024385 7.1 13.1 10.5 15.9
2024386 7.2 4.5 15.9 18.3
2024387 29.7 2.8 5.9 22.4
2024388 25.8 7.9 4.7 14.0
2024389 7.7 0.7 9.0 20.0
2024390 5.5 13.0 8.4 4.1
2024391 17.6 12.4 14.8 24.0
2024392 3.9 9.9 9.3 3.7
2024393 17.4 5.1 24.8 14.9
2024394 19.2 5.1 19.8 17.8
2024395 7.1 7.4 1.9 11.1
2024396 4.9 0.8 24.4 2.0
2024397 10.2 3.3 26.0 8.9
2024398 8.6 11.0 15.8 3.1
2024399 17.5 0.1 13.5 2.5
2024400 22.6 14.8 11.1 4.2
2024401 5.9 8.8 23.8 2.9
2024402 0.2 13.6 13.3 5.7
2024403 17.5 4.1 16.8 3.7
2024404 8.3 10.1 1.8 1.2
2024405 10.6 14.8 24.0 21.1
2024406 1.9 4.3 20.7 8.9
2024407 24.2 8.4 7.6 21.5
2024408 17.9 13.2 20.9 11.6
2024409 29.7 7.8 15.5 2.1
2024410 2.8 6.7 10.9 9.4
2024411 22.5 3.5 9.4 23.3
2024412 25.9 13.5 14.9 19.5
2024413 4.1 8.3 30.0 14.7
2024414 29.3 5.6 27.2 7.9
2024415 2.8 9.1 5.8 21.8
2024416 13.3 11.1 29.7 10.5
2024417 3.6 3.5 3.3 0.0
2024418 29.4 3.6 16.0 6.8
2024419 15.0 11.0 6.0 16.3
2024420 8.9 2.5 20.5 8.3
2024421 7.2 11.5 29.6 18.7
2024422 12.7 1.7 12.8 0.7
2024423 4.8 10.3 15.2 10.6
2024424 24.1 1.2 21.2 4.2
2024425 5.9 0.8 22.2 1.6
2024426 16.6 2.0 28.0 13.3
2024427 30.0 3.8 28.8 10.5
2024428 22.8 10.3 7.7 14.8
2024429 28.4 12.2 11.3 4.7
2024430 28.0 8.0 25.4 18.3
2024431 19.8 7.7 14.8 3.4
2024432 11.5 6.8 19.9 11.9
2024433 27.8 14.2 23.8 21.1
2024434 21.4 10.6 2.1 16.4
2024435 29.5 1.8 20.1 8.0
2024436 7.3 6.2 27.3 24.3
2024437 23.0 9.4 6.7 20.0
2024438 5.7 14.0 24.1 20.5
2024439 10.3 2.2 17.8 16.0
2024440 28.0 10.4 29.2 22.5
2024441 1.9 7.1 20.6 10.9
2024442 21.1 13.9 9.6 17.2
2024443 5.8 13.4 16.5 14.1
2024444 25.1 6.9 16.8 1.0
2024445 17.3 10.5 24.2 0.7
2024446 9.1 3.2 13.6 23.9
2024447 24.5 6.8 17.6 12.6
2024448 2.9 5.8 29.3 4.9
2024449 26.5 0.1 6.8 1.5
2024450 16.4 6.1 25.2 3.4
2024451 21.5 0.2 28.4 20.8
2024452 6.2 12.0 18.8 22.4
2024453 7.6 11.6 23.8 0.3
2024454 8.4 6.4 17.7 9.5
2024455 4.5 7.8 22.6 9.1
2024456 12.1 8.9 19.4 10.0
2024457 12.4 13.4 5.9 17.4
2024458 27.8 9.1 4.5 19.3
2024459 4.5 2.7 26.5 11.4
2024460 15.4 8.3 6.1 0.2
2024461 16.6 5.7 26.6 17.9
2024462 23.0 7.8 19.3 18.2
2024463 4.2 8.9 21.3 0.7
2024464 8.6 10.8 9.3 19.6
2024465 19.8 12.4 17.1 21.3
2024466 13.3 10.6 22.7 15.2
2024467 11.2 8.4 20.7 24.6
2024468 22.1 4.0 8.2 14.5
2024469 28.6 11.8 19.9 1.1
2024470 1.8 3.1 14.8 23.8
2024471 21.4 4.1 3.4 2.4
2024472 9.1 1.2 8.6 22.0
2024473 19.2 14.9 17.0 10.6
2024474 6.2 5.0 18.9 15.4
2024475 7.7 4.1 7.8 3.3
2024476 10.7 10.5 20.1 2.6
2024477 23.8 14.3 5.8 20.8
2024478 22.9 9.6 27.0 14.6
2024479 0.5 3.2 27.6 15.5
2024480 24.9 7.6 30.0 14.3
2024481 26.5 8.3 14.1 21.1
2024482 13.0 7.4 1.7 6.6
2024483 27.7 5.1 7.1 22.7
2024484 14.5 1.6 18.1 6.5
2024485 19.7 14.9 4.3 7.8
2024486 23.9 13.0 23.7 15.1
2024487 26.9 7.1 27.5 11.5
2024488 2.7 11.6 11.8 14.4
2024489 12.1 1.7 7.9 1.4
2024490 26.6 4.6 21.3 5.7
2024491 14.2 6.1 19.4 23.4
2024492 28.7 9.4 22.9 14.1
2024493 15.5 7.5 18.2 4.1
2024494 16.4 0.1 11.0 25.0
2024495 26.8 7.5 16.2 15.3
2024496 11.7 12.7 26.8 0.3
2024497 21.0 14.6 8.0 7.9
2024498 21.3 3.4 6.4 6.8
2024499 22.4 14.5 10.6 20.3
2024500 14.4 0.7 12.1 23.5
2024501 0.1 4.7 20.7 2.4
2024502 18.0 12.4 17.3 4.6
2024503 14.7 8.8 26.7 17.5
2024504 2.5 13.9 26.6 3.6
2024505 2.7 13.2 19.7 17.0
2024506 13.5 13.2 25.9 0.9
2024507 19.9 8.6 2.5 6.6
2024508 29.9 11.6 19.1 9.3
2024509 0.8 2.6 15.0 0.2
2024510 8.4 12.7 2.2 18.5
2024511 23.3 5.8 2.5 2.5
2024512 14.1 11.0 11.2 20.0
2024513 7.5 6.0 20.9 13.2
2024514 5.9 2.9 25.8 0.9
2024515 1.3 7.6 26.3 3.7
2024516 26.4 10.0 12.2 20.0
2024517 7.0 14.9 2.4 11.8
2024518 17.9 9.1 15.1 7.8
2024519 21.2 14.5 24.6 3.0
2024520 12.2 8.2 12.3 23.6
2024521 15.9 11.4 18.7 18.0
2024522 3.9 7.5 1.3 4.6
2024523 18.1 14.7 26.4 6.6
2024524 23.4 5.8 7.8 4.9
2024525 19.0 0.9 6.1 21.7
2024526 7.6 11.4 27.2 15.8
2024527 8.4 3.5 18.4 20.3
2024528 0.3 11.9 7.9 7.7
2024529 23.9 4.4 2.7 15.2
2024530 21.7 2.1 15.1 8.2
2024531 11.1 9.4 21.1 5.4
2024532 16.4 8.3 7.2 7.4
2024533 27.1 8.9 23.3 1.0
2024534 11.1 7.3 6.0 16.3
2024535 5.7 7.4 10.6 3.7
2024536 18.2 5.2 14.4 21.8
2024537 16.6 3.7 22.1 2.1
2024538 29.7 10.4 18.7 2.7
2024539 16.5 5.7 13.1 13.2
2024540 23.7 6.1 10.6 17.0
2024541 27.9 13.8 24.1 4.9
2024542 14.5 5.7 21.4 15.7
2024543 21.7 8.4 20.6 19.2
2024544 14.3 9.4 1.2 1.6
2024545 5.2 8.8 15.6 23.1
2024546 1.9 7.8 14.3 11.2
2024547 27.1 11.8 28.1 5.0
2024548 0.9 14.7 4.7 13.8
2024549 22.1 7.3 2.8 16.6
2024550 17.3 11.0 17.4 18.8
2024551 13.2 2.7 21.1 8.3
2024552 17.3 5.4 9.5 0.5
2024553 5.0 8.6 6.7 14.7
2024554 21.5 9.6 22.5 1.4
2024555 18.5 8.9 14.7 20.6
2024556 21.9 12.9 29.4 17.2
2024557 18.1 14.3 3.0 16.5
2024558 6.2 2.2 8.2 18.3
2024559 6.2 12.3 17.2 9.1
2024560 12.9 0.7 12.6 19.5
2024561 3.8 8.7 18.1 7.2
2024562 4.7 2.3 10.8 20.3
2024563 29.9 8.2 19.1 1.4
2024564 10.6 11.0 16.3 11.8
2024565 8.3 6.3 29.2 22.9
2024566 3.4 3.8 29.3 1.6
2024567 23.9 14.9 2.0 14.3
2024568 12.0 13.2 30.0 5.4
2024569 2.6 8.3 8.0 10.2
2024570 5.0 3.1 8.4 24.2
2024571 4.3 13.3 24.9 5.4
2024572 13.0 12.9 20.9 13.0
2024573 7.4 5.4 17.5 23.4
2024574 3.0 12.0 5.6 0.9
2024575 10.9 3.2 8.8 7.2
2024576 22.5 9.9 25.6 19.9
2024577 25.6 2.3 22.0 20.8
2024578 24.7 10.4 28.8 13.3
2024579 6.8 14.3 4.3 15.5
2024580 16.2 6.9 14.3 13.0
2024581 23.1 5.4 0.3 18.5
2024582 0.4 13.9 2.3 11.3
2024583 16.4 2.4 17.0 14.7
2024584 7.7 0.3 21.1 9.8
2024585 13.5 11.5 18.9 1.6
2024586 22.5 7.7 1.2 11.2
2024587 19.6 6.3 11.8 14.7
2024588 6.9 14.3 12.4 3.7
2024589 25.9 12.5 27.9 24.2
2024590 15.0 11.8 14.9 17.4
2024591 7.1 6.9 16.4 11.0
2024592 12.0 3.6 14.4 12.3
2024593 1.7 5.5 18.4 24.0
2024594 8.1 8.6 8.0 12.0
2024595 21.8 9.9 27.5 10.1
2024596 2.4 12.9 18.4 23.0
2024597 24.0 11.8 15.5 24.3
2024598 18.3 4.4 0.4 18.2
2024599 1.9 5.0 29.0 20.6
2024600 18.3 2.0 28.1 5.7
2024601 16.1 2.4 11.6 22.7
2024602 2.3 13.9 21.9 5.6
2024603 4.2 2.6 5.0 7.1
2024604 16.8 4.8 17.7 9.1
2024605 19.1 10.6 26.2 8.3
2024606 5.8 9.3 23.6 23.2
2024607 13.3 10.4 1.2 23.2
2024608 2.2 0.1 0.8 3.4
2024609 10.9 12.6 6.5 4.5
2024610 24.8 9.5 24.7 6.6
2024611 17.5 6.3 29.1 24.6
2024612 22.2 0.1 29.9 3.1
2024613 24.8 0.7 15.7 19.5
2024614 2.6 14.1 27.7 4.2
2024615 10.8 14.3 16.0 6.5
2024616 10.3 7.9 27.9 24.4
2024617 15.4 14.3 3.1 5.9
2024618 9.7 11.8 6.6 2.0
2024619 17.3 10.9 20.9 19.4
2024620 15.3 10.2 9.4 3.3
2024621 15.1 5.0 26.4 17.0
2024622 20.5 10.4 13.3 17.5
2024623 27.9 2.4 26.3 11.2
2024624 27.0 14.7 17.3 24.9
2024625 26.2 14.1 28.1 0.6
2024626 8.5 12.7 18.3 0.8
2024627 24.3 9.8 27.7 5.4
2024628 2.3 4.1 8.9 13.9
2024629 0.9 2.7 21.3 20.2
2024630 7.5 8.2 19.9 7.2
2024631 15.4 8.7 6.0 2.1
2024632 17.8 14.9 4.9 10.0
2024633 29.2 1.6 6.7 11.7
2024634 11.7 3.0 10.5 23.7
2024635 12.5 9.5 28.1 9.2
2024636 27.2 5.6 7.6 0.9
2024637 19.6 12.5 23.2 14.9
2024638 20.9 6.9 21.7 21.7
2024639 5.9 14.3 24.2 15.0
2024640 3.1 2.4 17.8 18.1
2024641 2.0 6.8 4.3 21.0
2024642 20.6 7.3 25.2 21.3
2024643 7.5 14.1 14.6 3.7
2024644 10.5 2.4 10.7 12.2
2024645 11.3 14.6 16.9 6.7
2024646 2.3 11.2 15.6 4.7
2024647 14.4 4.9 17.5 5.4
2024648 1.7 4.8 27.8 8.8
2024649 13.2 9.4 19.3 6.0
2024650 17.2 5.5 8.3 16.5
2024651 0.1 5.8 18.3 8.8
2024652 6.9 1.3 1.2 1.3
2024653 14.6 6.8 7.1 15.1
2024654 23.6 0.7 4.8 21.0
2024655 20.3 13.5 28.0 1.0
2024656 12.2 2.6 28.6 24.6
2024657 14.0 5.4 14.2 10.7
2024658 3.5 1.0 6.2 21.2
2024659 27.4 12.0 29.7 5.1
2024660 0.1 9.3 29.0 13.9
2024661 0.7 12.9 2.1 18.5
2024662 10.3 10.3 25.5 0.2
2024663 11.2 6.4 27.6 23.6
2024664 5.7 8.5 29.8 3.4
2024665 6.1 5.4 15.9 7.2
2024666 16.5 4.2 27.7 13.4
2024667 10.8 3.1 16.8 2.2
2024668 7.3 13.8 10.5 15.9
2024669 7.1 0.8 6.7 1.5
2024670 12.9 3.3 9.3 4.3
2024671 13.2 15.0 21.4 15.4
2024672 7.3 1.5 18.4 8.4
2024673 2.8 6.8 11.3 10.3
2024674 5.6 0.4 27.0 11.2
2024675 11.5 4.1 17.9 18.2
2024676 29.6 7.5 0.2 7.8
2024677 5.3 13.4 14.2 12.6
2024678 5.6 0.4 4.0 7.0
2024679 0.0 3.8 13.4 18.3
2024680 25.8 10.2 23.9 22.6
2024681 29.2 3.7 4.4 5.5
2024682 8.1 12.0 11.5 22.1
2024683 20.6 10.2 24.4 19.0
2024684 19.0 10.9 26.7 10.5
2024685 18.4 13.8 15.2 8.2
2024686 10.4 15.0 15.1 17.6
2024687 22.2 10.8 26.5 16.2
2024688 4.6 2.4 9.6 16.5
2024689 3.2 7.4 20.8 18.1
2024690 12.3 2.5 25.0 19.5
2024691 13.4 3.1 22.0 0.8
2024692 23.9 9.9 10.8 13.7
2024693 20.4 15.0 29.4 7.4
2024694 0.7 1.3 24.9 2.7
2024695 0.3 7.5 1.3 12.9
2024696 20.7 13.7 18.5 5.5
2024697 24.6 14.8 24.2 2.5
2024698 7.0 2.6 27.2 9.9
2024699 9.4 8.1 0.2 5.9
2024700 14.2 1.3 1.1 13.6
2024701 12.7 11.0 10.8 7.3
2024702 21.6 7.9 27.9 0.3
2024703 9.5 12.5 30.0 3.1
2024704 14.2 1.1 15.1 4.9
2024705 16.7 14.8 0.6 14.9
2024706 5.7 6.9 24.9 23.3
2024707 26.3 5.8 4.7 2.1
2024708 8.7 8.0 26.0 6.9
2024709 26.8 7.7 3.0 3.3
2024710 3.4 14.0 20.2 5.8
2024711 13.6 13.7 6.3 24.2
2024712 6.3 2.7 0.2 23.5
2024713 21.0 1.3 3.3 19.2
2024714 27.1 10.4 6.2 8.8
2024715 26.7 12.6 8.1 14.8
2024716 23.9 1.3 18.7 10.6
2024717 23.3 4.7 5.9 5.8
2024718 3.6 9.9 18.4 7.0
2024719 16.9 4.6 1.2 10.5
2024720 20.5 12.8 27.5 15.3
2024721 18.9 7.3 16.1 21.0
2024722 4.0 3.7 27.8 19.8
2024723 12.2 0.6 4.9 9.0
2024724 23.6 9.1 14.9 15.7
2024725 18.9 5.5 7.3 24.6
2024726 5.5 4.2 14.9 18.5
2024727 27.1 3.1 2.7 22.6
2024728 6.5 8.6 5.4 1.9
2024729 3.5 11.2 0.5 4.7
2024730 13.6 8.1 29.7 20.1
2024731 3.1 7.1 17.1 24.2
2024732 15.5 5.6 10.0 6.9
2024733 5.5 3.2 5.9 20.2
2024734 2.6 10.8 29.3 6.1
2024735 17.9 6.2 2.0 23.5
2024736 3.7 2.0 29.6 19.4
2024737 3.0 0.6 28.2 20.3
2024738 18.5 4.5 18.9 4.8
2024739 8.9 14.5 4.4 21.3
2024740 8.0 8.5 21.6 13.1
2024741 3.9 4.9 0.6 7.8
2024742 29.8 10.0 11.9 1.8
2024743 1.9 4.9 23.5 8.8
2024744 10.7 2.6 3.5 17.0
2024745 28.4 10.2 6.8 18.2
2024746 2.1 8.7 6.8 18.4
2024747 28.8 2.9 27.9 1.8
2024748 26.1 8.0 28.6 5.9
2024749 29.4 0.1 23.5 15.3
2024750 27.8 4.8 13.8 4.3
2024751 21.1 3.7 19.9 20.0
2024752 4.7 7.7 26.4 6.1
2024753 9.0 3.2 22.7 18.5
2024754 12.2 7.6 15.2 14.2
2024755 10.7 4.6 9.9 18.7
2024756 15.0 7.5 26.9 3.2
2024757 2.2 11.5 25.1 20.8
2024758 18.8 7.1 8.7 11.4
2024759 0.8 7.7 10.5 24.8
2024760 27.8 4.5 21.5 18.9
2024761 21.6 6.0 12.8 20.1
2024762 23.7 9.2 25.2 19.7
2024763 20.3 10.6 29.5 19.9
2024764 0.7 5.6 21.9 11.6
2024765 20.8 5.7 6.8 20.3
2024766 19.7 9.4 10.3 18.8
2024767 7.1 7.8 22.3 10.0
2024768 23.3 5.8 2.8 21.6
2024769 22.6 11.8 12.1 18.7
2024770 5.6 5.7 4.0 4.1
2024771 29.3 13.2 10.8 15.4
2024772 24.5 10.0 29.4 24.4
2024773 6.0 14.9 0.7 18.1
2024774 10.2 4.1 9.4 17.4
2024775 26.2 14.8 12.7 1.7
2024776 19.8 4.8 1.1 2.7
2024777 5.3 8.0 16.0 10.1
2024778 25.6 9.3 21.8 8.9
2024779 23.2 12.3 27.6 15.2
2024780 21.1 14.8 24.9 3.5
2024781 24.8 8.6 24.8 20.6
2024782 0.9 6.7 5.8 22.9
2024783 19.9 10.9 3.4 9.4
2024784 26.2 2.8 16.2 20.1
2024785 22.7 3.1 16.5 0.1
2024786 7.2 7.4 7.2 10.4
2024787 6.8 2.3 14.0 18.9
2024788 11.2 6.7 9.3 9.8
2024789 27.7 0.0 16.6 15.2
2024790 18.4 8.1 8.3 14.5
2024791 10.6 5.3 13.7 23.6
2024792 7.2 8.7 21.8 19.5
2024793 22.6 1.1 0.1 2.0
2024794 6.3 10.6 13.8 14.0
2024795 23.2 10.9 29.4 12.7
2024796 24.6 1.2 26.6 12.1
2024797 18.2 1.4 10.0 2.5
2024798 8.1 6.0 1.6 17.9
2024799 2.9 7.8 6.7 7.8
2024800 26.9 4.2 5.5 10.2
2024801 29.3 5.8 1.7 24.7
2024802 18.1 11.1 26.0 11.1
2024803 18.7 10.5 14.1 4.7
2024804 14.7 8.4 27.0 5.0
2024805 20.7 1.2 20.9 24.9
2024806 0.5 5.6 27.6 17.8
2024807 22.0 11.3 19.6 5.0
2024808 16.6 14.7 28.9 23.9
2024809 14.7 5.1 15.1 17.8
2024810 0.5 0.1 8.8 6.4
2024811 1.5 8.4 16.7 16.4
2024812 19.6 5.4 13.3 23.6
2024813 29.8 4.5 20.1 10.8
2024814 26.8 14.3 7.7 3.6
2024815 9.3 10.8 15.0 21.1
2024816 14.1 5.9 24.5 23.6
2024817 26.2 1.9 3.3 13.5
2024818 9.1 10.3 15.3 19.1
2024819 17.9 10.4 22.8 24.5
2024820 24.7 11.7 14.0 9.1
2024821 29.8 5.8 16.3 21.6
2024822 11.3 4.2 19.9 8.2
2024823 4.1 6.5 7.7 2.1
2024824 0.9 4.7 7.3 9.0
2024825 28.0 13.3 9.4 21.2
2024826 4.3 8.2 4.4 12.0
2024827 8.4 10.9 24.0 5.1
2024828 23.1 0.9 14.1 22.0
2024829 16.2 7.4 4.8 22.9
2024830 7.5 13.4 9.3 22.6
2024831 20.7 11.1 22.0 23.4
2024832 19.7 12.7 7.2 18.9
2024833 0.3 10.4 9.2 2.8
2024834 23.4 12.4 11.2 24.9
2024835 4.0 11.6 14.5 13.4
2024836 7.5 1.9 19.1 13.4
2024837 0.8 5.3 18.2 16.1
2024838 4.2 10.1 8.3 6.3
2024839 20.4 10.8 21.8 15.0
2024840 26.9 15.0 2.1 3.6
2024841 23.4 3.7 8.4 15.7
2024842 3.2 6.1 2.1 15.5
2024843 21.8 13.8 5.8 12.1
2024844 19.6 10.3 16.3 18.4
2024845 6.9 9.9 6.9 16.3
2024846 2.0 11.7 1.5 22.5
2024847 1.1 11.5 20.6 13.0
2024848 10.1 12.2 8.9 24.2
2024849 1.2 3.3 8.0 2.8
2024850 12.2 0.6 12.6 13.0
2024851 2.7 3.6 5.9 16.7
2024852 11.7 8.2 9.7 24.8
2024853 17.2 5.7 1.9 20.0
2024854 7.8 0.5 20.9 14.8
2024855 1.2 7.8 28.7 3.9
2024856 6.0 1.4 19.9 24.0
2024857 5.4 1.6 15.8 2.5
2024858 11.7 6.8 0.6 5.9
2024859 4.0 14.2 19.3 6.9
2024860 20.1 1.2 12.9 12.7
2024861 25.7 12.9 24.0 22.8
2024862 22.9 6.0 22.4 13.4
2024863 8.1 12.0 27.0 16.0
2024864 15.9 13.7 9.3 6.7
2024865 8.0 12.6 14.1 22.9
2024866 0.5 10.3 14.6 18.2
2024867 17.8 3.9 23.2 5.7
2024868 7.4 10.7 21.7 17.9
2024869 25.8 3.6 4.8 17.2
2024870 16.0 9.7 4.3 13.3
2024871 14.3 0.6 27.6 19.6
2024872 15.4 0.2 7.0 13.6
2024873 16.7 10.6 15.9 5.5
2024874 3.1 5.4 4.4 0.6
2024875 0.3 8.3 0.8 7.4
2024876 27.1 8.8 11.0 10.3
2024877 6.5 0.0 12.2 23.2
2024878 23.2 3.3 22.7 8.3
2024879 4.0 7.8 21.1 9.8
2024880 0.2 11.0 1.8 20.1
2024881 25.0 12.4 3.8 24.3
2024882 10.1 6.6 26.1 12.1
2024883 4.8 9.7 5.2 6.2
2024884 3.7 1.4 3.6 24.2
2024885 22.8 0.3 13.4 15.1
2024886 9.5 1.7 0.3 21.8
2024887 21.1 2.6 26.2 9.2
2024888 28.5 11.4 10.4 18.0
2024889 2.2 10.7 19.2 7.9
2024890 9.8 1.4 21.5 15.1
2024891 15.9 6.5 26.7 13.6
2024892 27.2 1.4 6.4 16.7
2024893 24.9 10.2 16.2 13.1
2024894 2.1 12.3 25.0 5.7
2024895 28.0 1.4 8.3 24.6
2024896 14.3 9.1 9.8 15.2
2024897 5.8 6.8 13.4 13.2
2024898 26.9 9.0 22.4 5.3
2024899 7.6 1.4 11.2 3.0
2024900 18.1 4.8 17.0 17.0
2024901 16.6 7.1 6.9 14.3
2024902 19.1 14.1 1.6 12.7
2024903 5.8 4.2 3.8 1.7
2024904 0.1 6.1 17.5 0.2
2024905 10.2 12.6 12.1 3.9
2024906 12.9 5.4 3.7 0.8
2024907 17.7 3.9 1.7 24.8
2024908 28.5 10.1 6.8 14.6
2024909 22.3 15.0 24.8 20.5
2024910 26.4 12.9 20.8 13.7
2024911 18.3 3.8 0.7 7.5
2024912 11.7 1.5 9.6 13.7
2024913 6.1 5.2 22.3 19.1
2024914 18.2 7.3 11.6 12.0
2024915 3.4 1.6 3.6 17.3
2024916 11.1 10.9 21.7 3.2
2024917 29.8 9.1 28.8 18.5
2024918 8.0 15.0 23.0 21.8
2024919 0.6 11.5 28.2 5.3
2024920 4.5 6.5 7.7 7.4
2024921 20.9 13.5 23.1 7.8
2024922 4.0 5.0 3.6 4.1
2024923 25.0 7.6 15.3 15.3
2024924 15.8 7.7 3.7 9.4
2024925 8.8 12.1 3.4 18.5
2024926 16.7 14.6 3.0 17.0
2024927 13.8 7.5 14.5 1.7
2024928 26.1 13.3 22.4 1.7
2024929 10.9 1.1 2.8 3.1
2024930 15.4 3.2 2.1 21.6
2024931 18.9 4.2 24.5 16.8
2024932 18.3 0.9 12.1 18.2
2024933 1.6 2.3 10.8 0.4
2024934 12.8 11.4 1.9 15.2
2024935 28.5 3.2 22.9 22.9
2024936 29.9 6.3 28.3 16.7
2024937 20.3 2.6 24.6 2.5
2024938 10.8 6.5 26.1 17.3
2024939 4.5 10.4 14.8 6.0
2024940 29.2 1.5 19.7 10.0
2024941 18.7 2.6 5.6 4.6
2024942 16.1 6.2 13.9 0.7
2024943 24.3 12.8 28.2 4.9
2024944 3.2 9.2 4.0 7.1
2024945 1.1 8.0 18.7 5.6
2024946 22.5 0.1 29.6 19.7
2024947 21.9 3.7 2.7 4.4
2024948 27.6 14.6 21.4 4.1
2024949 0.9 1.1 17.0 21.1
2024950 2.6 3.2 15.3 10.7
2024951 0.7 14.6 2.5 1.8
2024952 22.4 12.4 15.1 13.0
2024953 6.1 6.4 6.4 15.5
2024954 17.4 1.7 2.4 1.9
2024955 26.7 12.3 7.8 23.5
2024956 10.9 2.7 14.7 21.9
2024957 21.7 3.0 22.0 12.1
2024958 19.9 12.6 16.2 10.2
2024959 18.3 2.9 26.8 8.7
2024960 17.1 5.0 28.9 14.6
2024961 28.0 6.4 20.3 24.8
2024962 19.7 14.8 16.2 12.6
2024963 9.5 5.8 29.4 5.5
2024964 20.2 13.7 8.1 4.3
2024965 4.8 4.0 14.2 8.2
2024966 11.2 10.4 8.4 3.7
2024967 5.9 8.3 12.6 11.2
2024968 16.4 11.2 25.2 12.2
2024969 13.2 14.6 26.7 18.7
2024970 22.9 3.6 27.0 22.7
2024971 22.1 11.1 3.6 21.5
2024972 10.8 7.2 6.3 1.3
2024973 1.9 11.6 23.8 1.0
2024974 0.5 8.7 10.9 23.3
2024975 8.2 13.4 2.9 18.1
2024976 27.0 10.8 4.9 15.4
2024977 5.1 12.9 15.4 6.4
2024978 18.6 6.2 10.1 2.6
2024979 10.0 6.8 29.9 3.3
2024980 29.8 9.5 27.4 9.5
2024981 25.0 12.9 4.2 14.7
2024982 6.4 12.2 8.1 11.8
2024983 13.6 9.6 3.0 8.5
2024984 10.7 10.1 3.7 0.0
2024985 7.4 10.6 24.2 19.9
2024986 13.6 9.3 13.8 17.7
2024987 13.4 11.2 27.5 6.2
2024988 5.7 12.7 13.7 8.4
2024989 0.9 1.2 27.5 16.4
2024990 5.9 3.6 7.7 13.7
2024991 18.1 11.4 24.1 6.3
2024992 12.5 6.6 0.6 4.5
2024993 19.9 0.5 25.5 2.7
2024994 9.7 4.9 19.6 2.9
2024995 28.7 1.3 1.3 5.7
2024996 14.4 12.1 12.2 14.1
2024997 8.4 8.6 29.3 19.7
2024998 17.8 12.5 19.7 17.7
2024999 10.7 14.0 27.3 0.1
